The following are the metrics for CSL's ARIMA model:
RMSE: 2.7756343649206987
MAPE: 0.007918380841253674
MAE: 2.1657058715820283
R^2: -0.6499476612481816
