The following are the metrics for CSL's ARIMA model:
RMSE: 32.987740676408634
MAPE: 0.11037370730415197
MAE: 28.90915289823387
R^2: -3.291353025940686
