The following are the metrics for CSL's ARIMA model:
RMSE: 26.270620724336585
MAPE: 0.08367051110770693
MAE: 21.763518791302836
R^2: -1.7216341817286906
