The following are the metrics for CSL's ARIMA model:
RMSE: 4.0468048182969145
MAPE: 0.01128627319020393
MAE: 3.0753971485833516
R^2: -0.48258168906856125
