The following are the metrics for CSL's ARIMA model:
RMSE: 234.16247990783737
MAPE: 0.7705220212930455
MAE: 208.53087828537016
R^2: -215.23386801625927
