The following are the metrics for NAB's ARIMA model:
RMSE: 1.393476498244873
MAPE: 0.032772332216808676
MAE: 1.1989379882812492
R^2: -1.9261451914605878
