The following are the metrics for NAB's ARIMA model:
RMSE: 1.2321865339035345
MAPE: 0.025695068887111778
MAE: 0.9448262532552079
R^2: -0.6344967672459931
