The following are the metrics for NAB's ARIMA model:
RMSE: 9.010510494185754
MAPE: 0.29135404570387957
MAE: 7.630594180791407
R^2: -0.9606475193062134
