The following are the metrics for NAB's ARIMA model:
RMSE: 9.030987645552313
MAPE: 0.2920386103981994
MAE: 7.650947223716581
R^2: -0.9695691217988303
