The following are the metrics for NAB's ARIMA model:
RMSE: 7.781325977283856
MAPE: 0.25317539808599715
MAE: 6.575767855425492
R^2: -0.46220392501386587
