The following are the metrics for WBC's ARIMA model:
RMSE: 5.221833389797531
MAPE: 0.1821679049395463
MAE: 3.8352273077951726
R^2: -0.2793366956573873
