The following are the metrics for WBC's ARIMA model:
RMSE: 0.9108785037114652
MAPE: 0.025535922347360584
MAE: 0.8052769660949706
R^2: -2.772478321108075
