The following are the metrics for WBC's ARIMA model:
RMSE: 5.31411275818536
MAPE: 0.18607425341264613
MAE: 3.937211208837768
R^2: -0.324952672417127
