The following are the metrics for WBC's ARIMA model:
RMSE: 0.7130864390623852
MAPE: 0.017801946946571355
MAE: 0.5633010797635806
R^2: -0.7515129577095969
