The following are the metrics for WBC's ARIMA model:
RMSE: 5.308132212435539
MAPE: 0.185820249988273
MAE: 3.9305981025147485
R^2: -0.32197212548454135
