The following are the metrics for WBC's ARIMA model:
RMSE: 5.242098653982022
MAPE: 0.18302632995771198
MAE: 3.8575946034169246
R^2: -0.2892858452730567
