The following are the metrics for RMD's ARIMA model:
RMSE: 6.422859277373518
MAPE: 0.16462327100181065
MAE: 5.304020134121302
R^2: -1.0303731351749215
