The following are the metrics for RMD's ARIMA model:
RMSE: 6.333355742045149
MAPE: 0.16271852265876038
MAE: 5.235098082553522
R^2: -0.9741802843330389
