The following are the metrics for RMD's ARIMA model:
RMSE: 1.1851897514014884
MAPE: 0.02654409858759367
MAE: 1.0032676603803132
R^2: -2.6457640114383305
