The following are the metrics for RMD's ARIMA model:
RMSE: 6.207958696248459
MAPE: 0.15997743777609383
MAE: 5.136825401494895
R^2: -0.8967787790967121
