The following are the metrics for RMD's ARIMA model:
RMSE: 0.846196316388492
MAPE: 0.01736662064726678
MAE: 0.642105611453934
R^2: -1.3587956440426954
