The following are the metrics for RMD's ARIMA model:
RMSE: 6.302690247105175
MAPE: 0.1620801745370677
MAE: 5.211761163824065
R^2: -0.9551090907092985
