The following are the metrics for CBA's ARIMA model:
RMSE: 2.82360183570123
MAPE: 0.01566722319230732
MAE: 2.3984776814778646
R^2: -0.6218990950613374
