The following are the metrics for CBA's ARIMA model:
RMSE: 35.754637448831915
MAPE: 0.29857862409076674
MAE: 29.649556869799646
R^2: -1.4031729252999776
