The following are the metrics for CBA's ARIMA model:
RMSE: 2.8089935154535546
MAPE: 0.013686155239745465
MAE: 2.059857940673828
R^2: -0.4956093797513048
