The following are the metrics for CBA's ARIMA model:
RMSE: 35.678546007640925
MAPE: 0.2979362768107814
MAE: 29.579394183273774
R^2: -1.3929551562992444
