The following are the metrics for CBA's ARIMA model:
RMSE: 28.28118490141512
MAPE: 0.23412579594989108
MAE: 23.100097291907364
R^2: -0.5035416786930049
