The following are the metrics for BHP's ARIMA model:
RMSE: 14.957849850789723
MAPE: 0.3644716322576729
MAE: 13.253142894150733
R^2: -3.2122371762509037
