The following are the metrics for BHP's ARIMA model:
RMSE: 15.83073525878804
MAPE: 0.38839450903198935
MAE: 14.090998729335487
R^2: -3.7182033030062556
