The following are the metrics for BHP's ARIMA model:
RMSE: 0.6859814633793567
MAPE: 0.012633187465719092
MAE: 0.49532546997070337
R^2: -0.2202588211204919
