The following are the metrics for BHP's ARIMA model:
RMSE: 0.714728549935275
MAPE: 0.015007775963648265
MAE: 0.5839604304867162
R^2: -0.0076226343201570845
