The following are the metrics for BHP's ARIMA model:
RMSE: 12.650649745537061
MAPE: 0.31011302187624384
MAE: 11.244522320170983
R^2: -2.0130070975523373
