The following are the metrics for PME's ARIMA model:
RMSE: 69.50552720908512
MAPE: 0.6383250213201601
MAE: 51.37620164362131
R^2: -1.198359895398184
