The following are the metrics for PME's ARIMA model:
RMSE: 64.58792715626751
MAPE: 0.5669842568263681
MAE: 46.54707521764593
R^2: -0.8982910349469932
