The following are the metrics for PME's ARIMA model:
RMSE: 39.28343686481475
MAPE: 0.1405016126607109
MAE: 35.487782491231194
R^2: -4.3088076744236865
