The following are the metrics for PME's ARIMA model:
RMSE: 66.81235847378373
MAPE: 0.5979242177330556
MAE: 48.69621286490679
R^2: -1.0312983423042468
