The following are the metrics for PME's ARIMA model:
RMSE: 19.211446496206346
MAPE: 0.06691636203778296
MAE: 16.901653679207744
R^2: -6.234898673391843
