The following are the metrics for RIO's ARIMA model:
RMSE: 35.604402037372786
MAPE: 0.3190170403371197
MAE: 31.49854985538071
R^2: -3.39618711785105
