The following are the metrics for RIO's ARIMA model:
RMSE: 35.50138054883585
MAPE: 0.3178186582142072
MAE: 31.388476818168883
R^2: -3.3707831521426597
