The following are the metrics for RIO's ARIMA model:
RMSE: 4.462627768118579
MAPE: 0.0336357865082987
MAE: 3.8311856642131863
R^2: -2.8295911969843837
