The following are the metrics for RIO's ARIMA model:
RMSE: 2.5187054105710445
MAPE: 0.015603262957954108
MAE: 1.7981588701275022
R^2: -0.14663513301068765
