The following are the metrics for RIO's ARIMA model:
RMSE: 20.967956429849092
MAPE: 0.18492689736158477
MAE: 18.261363241789812
R^2: -0.5246880171744479
