The following are the metrics for AMC's ARIMA model:
RMSE: 0.4640340081160404
MAPE: 0.02719659295844543
MAE: 0.4125791740921996
R^2: 0.028547207773848005
