The following are the metrics for AMC's ARIMA model:
RMSE: 1.7134731914128196
MAPE: 0.09817698924035889
MAE: 1.3827863529885898
R^2: -0.4926756071241687
