The following are the metrics for AMC's ARIMA model:
RMSE: 2.6076009439161414
MAPE: 0.16372624475974368
MAE: 2.293082222352363
R^2: -2.456949752366934
