The following are the metrics for AMC's ARIMA model:
RMSE: 0.48950386060703727
MAPE: 0.027091702885489115
MAE: 0.4143144475440496
R^2: -0.1985161658209469
