The following are the metrics for AMC's ARIMA model:
RMSE: 2.5834889184824608
MAPE: 0.16183288009199967
MAE: 2.267088605240495
R^2: -2.393313726764467
