The following are the metrics for AMC's ARIMA model:
RMSE: 1.3045741026104867
MAPE: 0.07379584235723405
MAE: 1.0266086109173493
R^2: 0.1347366401005522
